<?xml version="1.0" encoding="UTF-8" standalone="no" ?>
<COLLADA xmlns="http://www.collada.org/2005/11/COLLADASchema" version="1.4.1">
    <asset>
        <contributor>
            <authoring_tool>SketchUp 15.0.1</authoring_tool>
        </contributor>
        <created>2017-12-17T21:13:05Z</created>
        <modified>2017-12-17T21:13:05Z</modified>
        <unit meter="0.0254" name="inch" />
        <up_axis>Z_UP</up_axis>
    </asset>
    <library_cameras>
        <camera id="ID1" name="skp_camera_Last_Saved_SketchUp_View">
            <optics>
                <technique_common>
                    <perspective>
                        <yfov>35</yfov>
                        <aspect_ratio>0</aspect_ratio>
                        <znear>1</znear>
                        <zfar>1000</zfar>
                    </perspective>
                </technique_common>
            </optics>
        </camera>
    </library_cameras>
    <library_visual_scenes>
        <visual_scene id="ID2">
            <node name="SketchUp">
                <node name="skp_camera_Last_Saved_SketchUp_View">
                    <matrix>0.8606782 0.01668079 -0.508876 -26.53868 -0.5091493 0.0281976 -0.8602162 -64.91924 1.214306e-17 0.9994632 0.03276207 26.97493 0 0 0 1</matrix>
                    <instance_camera url="#ID1" />
                </node>
                <node id="ID3" name="group_0">
                    <matrix>2.775558e-17 1 0 17.79186 -1 2.775558e-17 0 404.7002 0 -0 1 0 0 0 0 1</matrix>
                    <node id="ID4" name="group_1">
                        <matrix>1 0 0 13.5948 0 1 0 45.44602 0 0 1 2.68045 0 0 0 1</matrix>
                        <node id="ID5" name="group_2">
                            <matrix>-0.7071068 -0.7071068 0 160.1551 0.7071068 -0.7071068 0 25.25041 0 0 1 27.17449 0 0 0 1</matrix>
                            <node id="ID6" name="group_3">
                                <matrix>0.3490537 0.5892065 0.7286956 96.8659 -0.4699194 0.7828236 -0.4078762 3.964588 -0.8107634 -0.2000575 0.550127 -12.58706 0 0 0 1</matrix>
                                <instance_geometry url="#ID7">
                                    <bind_material>
                                        <technique_common>
                                            <instance_material symbol="Material2" target="#ID8">
                                                <bind_vertex_input semantic="UVSET0" input_semantic="TEXCOORD" input_set="0" />
                                            </instance_material>
                                        </technique_common>
                                    </bind_material>
                                </instance_geometry>
                            </node>
                            <node id="ID20" name="group_4">
                                <matrix>0.8910065 -0 0.4539905 116.5653 0 1 0 56.01724 -0.4539905 0 0.8910065 -12.38697 0 0 0 1</matrix>
                                <instance_geometry url="#ID21">
                                    <bind_material>
                                        <technique_common>
                                            <instance_material symbol="Material2" target="#ID8">
                                                <bind_vertex_input semantic="UVSET0" input_semantic="TEXCOORD" input_set="0" />
                                            </instance_material>
                                        </technique_common>
                                    </bind_material>
                                </instance_geometry>
                            </node>
                            <node id="ID29" name="group_5">
                                <matrix>0.6963152 0.01201601 0.7176356 130.4118 0.05876056 0.995549 -0.07368419 38.55901 -0.7153268 0.09347609 0.6925098 -23.49634 0 0 0 1</matrix>
                                <instance_geometry url="#ID30">
                                    <bind_material>
                                        <technique_common>
                                            <instance_material symbol="Material2" target="#ID8">
                                                <bind_vertex_input semantic="UVSET0" input_semantic="TEXCOORD" input_set="0" />
                                            </instance_material>
                                        </technique_common>
                                    </bind_material>
                                </instance_geometry>
                            </node>
                            <node id="ID38" name="group_6">
                                <matrix>0.8514528 0.07983452 0.5183191 110.164 -0.0002181982 0.9883988 -0.1518805 26.2643 -0.5244313 0.129206 0.8415923 -10.77533 0 0 0 1</matrix>
                                <instance_geometry url="#ID39">
                                    <bind_material>
                                        <technique_common>
                                            <instance_material symbol="Material2" target="#ID8">
                                                <bind_vertex_input semantic="UVSET0" input_semantic="TEXCOORD" input_set="0" />
                                            </instance_material>
                                        </technique_common>
                                    </bind_material>
                                </instance_geometry>
                            </node>
                            <node id="ID47" name="group_7">
                                <matrix>0.8910065 -0 0.4539905 108.8596 0 1 0 49.87227 -0.4539905 0 0.8910065 -8.915652 0 0 0 1</matrix>
                                <instance_geometry url="#ID48">
                                    <bind_material>
                                        <technique_common>
                                            <instance_material symbol="Material2" target="#ID8">
                                                <bind_vertex_input semantic="UVSET0" input_semantic="TEXCOORD" input_set="0" />
                                            </instance_material>
                                        </technique_common>
                                    </bind_material>
                                </instance_geometry>
                            </node>
                            <node id="ID56" name="group_8">
                                <matrix>0.8270082 -0.03409176 0.5611553 124.5202 -0.06797125 0.9847739 0.1600011 57.95118 -0.5580658 -0.1704646 0.8120988 -18.24546 0 0 0 1</matrix>
                                <instance_geometry url="#ID57">
                                    <bind_material>
                                        <technique_common>
                                            <instance_material symbol="Material2" target="#ID8">
                                                <bind_vertex_input semantic="UVSET0" input_semantic="TEXCOORD" input_set="0" />
                                            </instance_material>
                                        </technique_common>
                                    </bind_material>
                                </instance_geometry>
                            </node>
                            <node id="ID65" name="group_9">
                                <matrix>0.8058973 -0.008928581 0.591988 114.7555 -0.05663505 0.9941384 0.09209357 40.16466 -0.5893403 -0.1077452 0.8006679 -11.41074 0 0 0 1</matrix>
                                <instance_geometry url="#ID66">
                                    <bind_material>
                                        <technique_common>
                                            <instance_material symbol="Material2" target="#ID8">
                                                <bind_vertex_input semantic="UVSET0" input_semantic="TEXCOORD" input_set="0" />
                                            </instance_material>
                                        </technique_common>
                                    </bind_material>
                                </instance_geometry>
                            </node>
                            <node id="ID74" name="group_10">
                                <matrix>0.8910065 -0 0.4539905 89.74895 0 1 0 27.44692 -0.4539905 0 0.8910065 -1.16764 0 0 0 1</matrix>
                                <instance_geometry url="#ID75">
                                    <bind_material>
                                        <technique_common>
                                            <instance_material symbol="Material2" target="#ID8">
                                                <bind_vertex_input semantic="UVSET0" input_semantic="TEXCOORD" input_set="0" />
                                            </instance_material>
                                        </technique_common>
                                    </bind_material>
                                </instance_geometry>
                            </node>
                            <node id="ID83" name="group_11">
                                <matrix>0.8718633 0.0564013 0.4864908 78.56664 -0.0203337 0.9966588 -0.07910662 18.85793 -0.489327 0.059078 0.870097 1.246668 0 0 0 1</matrix>
                                <instance_geometry url="#ID84">
                                    <bind_material>
                                        <technique_common>
                                            <instance_material symbol="Material2" target="#ID8">
                                                <bind_vertex_input semantic="UVSET0" input_semantic="TEXCOORD" input_set="0" />
                                            </instance_material>
                                        </technique_common>
                                    </bind_material>
                                </instance_geometry>
                            </node>
                            <node id="ID92" name="group_12">
                                <matrix>0.9716813 0.1291865 0.1978545 93.71224 -0.08556369 0.9728578 -0.2150036 15.11614 -0.2202598 0.1919859 0.9563614 -9.022741 0 0 0 1</matrix>
                                <instance_geometry url="#ID93">
                                    <bind_material>
                                        <technique_common>
                                            <instance_material symbol="Material2" target="#ID8">
                                                <bind_vertex_input semantic="UVSET0" input_semantic="TEXCOORD" input_set="0" />
                                            </instance_material>
                                        </technique_common>
                                    </bind_material>
                                </instance_geometry>
                            </node>
                            <node id="ID101" name="group_13">
                                <matrix>0.5664189 0.5358875 0.6260944 103.3105 -0.08096564 0.7922252 -0.6048338 11.45318 -0.8201306 0.2918971 0.4921198 -12.15709 0 0 0 1</matrix>
                                <instance_geometry url="#ID102">
                                    <bind_material>
                                        <technique_common>
                                            <instance_material symbol="Material2" target="#ID8">
                                                <bind_vertex_input semantic="UVSET0" input_semantic="TEXCOORD" input_set="0" />
                                            </instance_material>
                                        </technique_common>
                                    </bind_material>
                                </instance_geometry>
                            </node>
                            <node id="ID110" name="group_14">
                                <matrix>0.8910065 -0 0.4539905 95.04857 0 1 0 32.43241 -0.4539905 0 0.8910065 -3.412422 0 0 0 1</matrix>
                                <instance_geometry url="#ID111">
                                    <bind_material>
                                        <technique_common>
                                            <instance_material symbol="Material2" target="#ID8">
                                                <bind_vertex_input semantic="UVSET0" input_semantic="TEXCOORD" input_set="0" />
                                            </instance_material>
                                        </technique_common>
                                    </bind_material>
                                </instance_geometry>
                            </node>
                            <node id="ID119" name="group_15">
                                <matrix>0.3808418 0.4453971 0.8102968 114.0369 -0.3190538 0.8858152 -0.3369513 17.00659 -0.8678503 -0.1302031 0.4794611 -16.38219 0 0 0 1</matrix>
                                <instance_geometry url="#ID120">
                                    <bind_material>
                                        <technique_common>
                                            <instance_material symbol="Material2" target="#ID8">
                                                <bind_vertex_input semantic="UVSET0" input_semantic="TEXCOORD" input_set="0" />
                                            </instance_material>
                                        </technique_common>
                                    </bind_material>
                                </instance_geometry>
                            </node>
                            <node id="ID128" name="group_16">
                                <matrix>0.8910065 -0 0.4539905 97.72589 0 1 0 40.19237 -0.4539905 0 0.8910065 -4.172113 0 0 0 1</matrix>
                                <instance_geometry url="#ID129">
                                    <bind_material>
                                        <technique_common>
                                            <instance_material symbol="Material2" target="#ID8">
                                                <bind_vertex_input semantic="UVSET0" input_semantic="TEXCOORD" input_set="0" />
                                            </instance_material>
                                        </technique_common>
                                    </bind_material>
                                </instance_geometry>
                            </node>
                            <node id="ID137" name="group_17">
                                <matrix>0.8910065 -0 0.4539905 99.25704 0 1 0 53.20978 -0.4539905 0 0.8910065 -4.020858 0 0 0 1</matrix>
                                <instance_geometry url="#ID138">
                                    <bind_material>
                                        <technique_common>
                                            <instance_material symbol="Material2" target="#ID8">
                                                <bind_vertex_input semantic="UVSET0" input_semantic="TEXCOORD" input_set="0" />
                                            </instance_material>
                                        </technique_common>
                                    </bind_material>
                                </instance_geometry>
                            </node>
                            <node id="ID146" name="group_18">
                                <matrix>0.5454332 0.312123 0.7778701 119.5537 -0.3006409 0.9391728 -0.1660405 29.78383 -0.7823795 -0.1432956 0.606093 -15.23238 0 0 0 1</matrix>
                                <instance_geometry url="#ID147">
                                    <bind_material>
                                        <technique_common>
                                            <instance_material symbol="Material2" target="#ID8">
                                                <bind_vertex_input semantic="UVSET0" input_semantic="TEXCOORD" input_set="0" />
                                            </instance_material>
                                        </technique_common>
                                    </bind_material>
                                </instance_geometry>
                            </node>
                            <node id="ID155" name="group_19">
                                <matrix>0.9809552 4.996004e-16 0.1049254 76.31216 1.110223e-16 1 -2.081668e-17 41.1329 -0.1942344 -4.729985e-17 0.529912 2.575327 0 0 0 1</matrix>
                                <instance_geometry url="#ID156">
                                    <bind_material>
                                        <technique_common>
                                            <instance_material symbol="Material2" target="#ID8">
                                                <bind_vertex_input semantic="UVSET0" input_semantic="TEXCOORD" input_set="0" />
                                            </instance_material>
                                        </technique_common>
                                    </bind_material>
                                </instance_geometry>
                            </node>
                            <node id="ID164" name="group_20">
                                <matrix>0.9809552 1.089079e-16 0.1942344 80.42132 -1.110223e-16 1 0 51.06445 -0.1942344 -2.156434e-17 0.9809552 0.7593454 0 0 0 1</matrix>
                                <instance_geometry url="#ID165">
                                    <bind_material>
                                        <technique_common>
                                            <instance_material symbol="Material2" target="#ID8">
                                                <bind_vertex_input semantic="UVSET0" input_semantic="TEXCOORD" input_set="0" />
                                            </instance_material>
                                        </technique_common>
                                    </bind_material>
                                </instance_geometry>
                            </node>
                            <node id="ID173" name="group_21">
                                <matrix>0.9809552 1.089079e-16 0.1942344 72.60938 -1.110223e-16 1 0 30.80295 -0.1942344 -2.156434e-17 0.9809552 2.429275 0 0 0 1</matrix>
                                <instance_geometry url="#ID174">
                                    <bind_material>
                                        <technique_common>
                                            <instance_material symbol="Material2" target="#ID8">
                                                <bind_vertex_input semantic="UVSET0" input_semantic="TEXCOORD" input_set="0" />
                                            </instance_material>
                                        </technique_common>
                                    </bind_material>
                                </instance_geometry>
                            </node>
                            <node id="ID182" name="group_22">
                                <matrix>0.9870402 0.0006082606 0.1604722 58.34053 0.05211986 0.9445649 -0.3241616 1.077412 -0.1517736 0.3283243 0.9322918 -0.6018047 0 0 0 1</matrix>
                                <instance_geometry url="#ID183">
                                    <bind_material>
                                        <technique_common>
                                            <instance_material symbol="Material2" target="#ID8">
                                                <bind_vertex_input semantic="UVSET0" input_semantic="TEXCOORD" input_set="0" />
                                            </instance_material>
                                        </technique_common>
                                    </bind_material>
                                </instance_geometry>
                            </node>
                            <node id="ID191" name="group_23">
                                <matrix>0.9809552 1.089079e-16 0.1942344 47.18498 -1.110223e-16 1 0 26.42426 -0.1942344 -2.156434e-17 0.9809552 10.76632 0 0 0 1</matrix>
                                <instance_geometry url="#ID192">
                                    <bind_material>
                                        <technique_common>
                                            <instance_material symbol="Material2" target="#ID8">
                                                <bind_vertex_input semantic="UVSET0" input_semantic="TEXCOORD" input_set="0" />
                                            </instance_material>
                                        </technique_common>
                                    </bind_material>
                                </instance_geometry>
                            </node>
                            <node id="ID200" name="group_24">
                                <matrix>0.9601183 0.05481675 0.2741677 72.17403 -0.007111787 0.985063 -0.1720472 12.25854 -0.2795035 0.1632359 0.9461669 -0.4619115 0 0 0 1</matrix>
                                <instance_geometry url="#ID201">
                                    <bind_material>
                                        <technique_common>
                                            <instance_material symbol="Material2" target="#ID8">
                                                <bind_vertex_input semantic="UVSET0" input_semantic="TEXCOORD" input_set="0" />
                                            </instance_material>
                                        </technique_common>
                                    </bind_material>
                                </instance_geometry>
                            </node>
                            <node id="ID209" name="group_25">
                                <matrix>0.9809552 1.089079e-16 0.1942344 43.00397 -1.110223e-16 1 0 2.59621 -0.1942344 -2.156434e-17 0.9809552 5.680123 0 0 0 1</matrix>
                                <instance_geometry url="#ID210">
                                    <bind_material>
                                        <technique_common>
                                            <instance_material symbol="Material2" target="#ID8">
                                                <bind_vertex_input semantic="UVSET0" input_semantic="TEXCOORD" input_set="0" />
                                            </instance_material>
                                        </technique_common>
                                    </bind_material>
                                </instance_geometry>
                            </node>
                            <node id="ID218" name="group_26">
                                <matrix>0.9326723 0.09886176 0.3469131 86.03132 -0.1396055 0.9856944 0.0944292 36.79209 -0.3326149 -0.1365025 0.9331315 -0.325526 0 0 0 1</matrix>
                                <instance_geometry url="#ID219">
                                    <bind_material>
                                        <technique_common>
                                            <instance_material symbol="Material2" target="#ID8">
                                                <bind_vertex_input semantic="UVSET0" input_semantic="TEXCOORD" input_set="0" />
                                            </instance_material>
                                        </technique_common>
                                    </bind_material>
                                </instance_geometry>
                            </node>
                            <node id="ID227" name="group_27">
                                <matrix>0.9675547 0.02521347 0.2514005 55.24173 -0.04134094 0.9973971 0.05907618 32.71209 -0.2492566 -0.06755257 0.9660786 8.684593 0 0 0 1</matrix>
                                <instance_geometry url="#ID228">
                                    <bind_material>
                                        <technique_common>
                                            <instance_material symbol="Material2" target="#ID8">
                                                <bind_vertex_input semantic="UVSET0" input_semantic="TEXCOORD" input_set="0" />
                                            </instance_material>
                                        </technique_common>
                                    </bind_material>
                                </instance_geometry>
                            </node>
                            <node id="ID236" name="group_28">
                                <matrix>0.9861238 -0.005803855 0.1659103 52.98495 -0.02604123 0.9816086 0.1891202 40.29715 -0.1639566 -0.1908164 0.9678364 6.830823 0 0 0 1</matrix>
                                <instance_geometry url="#ID237">
                                    <bind_material>
                                        <technique_common>
                                            <instance_material symbol="Material2" target="#ID8">
                                                <bind_vertex_input semantic="UVSET0" input_semantic="TEXCOORD" input_set="0" />
                                            </instance_material>
                                        </technique_common>
                                    </bind_material>
                                </instance_geometry>
                            </node>
                        </node>
                        <node id="ID245" name="group_29">
                            <matrix>-1 7.657137e-16 0 176.9899 -7.657137e-16 -1 0 48.08351 0 0 1 24.13181 0 0 0 1</matrix>
                            <node id="ID246" name="group_30">
                                <matrix>0.9372594 -0.01620094 0.3482561 138.0026 0.02534134 0.9994432 -0.0217067 20.51967 -0.3477105 0.02917008 0.9371481 -6.225532 0 0 0 1</matrix>
                                <instance_geometry url="#ID247">
                                    <bind_material>
                                        <technique_common>
                                            <instance_material symbol="Material2" target="#ID8">
                                                <bind_vertex_input semantic="UVSET0" input_semantic="TEXCOORD" input_set="0" />
                                            </instance_material>
                                        </technique_common>
                                    </bind_material>
                                </instance_geometry>
                            </node>
                            <node id="ID255" name="group_31">
                                <matrix>0.8863436 0.004602559 0.4630051 130.0128 -0.005620876 0.9999839 0.0008197376 10.11446 -0.4629939 -0.003329064 0.8863552 0.7619032 0 0 0 1</matrix>
                                <instance_geometry url="#ID256">
                                    <bind_material>
                                        <technique_common>
                                            <instance_material symbol="Material2" target="#ID8">
                                                <bind_vertex_input semantic="UVSET0" input_semantic="TEXCOORD" input_set="0" />
                                            </instance_material>
                                        </technique_common>
                                    </bind_material>
                                </instance_geometry>
                            </node>
                            <node id="ID264" name="group_32">
                                <matrix>0.9566333 0.2317905 0.2081818 148.4408 -0.1425392 0.9006801 -0.4843149 -17.52959 -0.2540379 0.3674896 1.055699 -14.23842 0 0 0 1</matrix>
                                <instance_geometry url="#ID265">
                                    <bind_material>
                                        <technique_common>
                                            <instance_material symbol="Material2" target="#ID8">
                                                <bind_vertex_input semantic="UVSET0" input_semantic="TEXCOORD" input_set="0" />
                                            </instance_material>
                                        </technique_common>
                                    </bind_material>
                                </instance_geometry>
                            </node>
                            <node id="ID273" name="group_33">
                                <matrix>0.9664653 0.2370357 0.09878694 138.4292 -0.2528273 0.8109223 0.5277153 40.94885 0.04497881 -0.5349946 0.8436574 -9.374786 0 0 0 1</matrix>
                                <instance_geometry url="#ID274">
                                    <bind_material>
                                        <technique_common>
                                            <instance_material symbol="Material2" target="#ID8">
                                                <bind_vertex_input semantic="UVSET0" input_semantic="TEXCOORD" input_set="0" />
                                            </instance_material>
                                        </technique_common>
                                    </bind_material>
                                </instance_geometry>
                            </node>
                            <node id="ID282" name="group_34">
                                <matrix>0.6891062 0.05897695 0.7222564 171.6331 -0.1027384 0.9945664 0.01681008 7.508397 -0.7173405 -0.0857874 0.6914211 -15.96594 0 0 0 1</matrix>
                                <instance_geometry url="#ID283">
                                    <bind_material>
                                        <technique_common>
                                            <instance_material symbol="Material2" target="#ID8">
                                                <bind_vertex_input semantic="UVSET0" input_semantic="TEXCOORD" input_set="0" />
                                            </instance_material>
                                        </technique_common>
                                    </bind_material>
                                </instance_geometry>
                            </node>
                            <node id="ID291" name="group_35">
                                <matrix>0.7552193 0.03619085 0.6544723 166.6465 0.02147579 0.9965723 -0.07988991 -8.373385 -0.6551203 0.07438972 0.7518534 -15.56872 0 0 0 1</matrix>
                                <instance_geometry url="#ID292">
                                    <bind_material>
                                        <technique_common>
                                            <instance_material symbol="Material2" target="#ID8">
                                                <bind_vertex_input semantic="UVSET0" input_semantic="TEXCOORD" input_set="0" />
                                            </instance_material>
                                        </technique_common>
                                    </bind_material>
                                </instance_geometry>
                            </node>
                            <node id="ID300" name="group_36">
                                <matrix>0.855986 0.1991922 0.4770854 155.8553 -0.3250352 0.9249578 0.1969903 30.44773 -0.4020449 -0.3236905 0.8564954 -12.80835 0 0 0 1</matrix>
                                <instance_geometry url="#ID301">
                                    <bind_material>
                                        <technique_common>
                                            <instance_material symbol="Material2" target="#ID8">
                                                <bind_vertex_input semantic="UVSET0" input_semantic="TEXCOORD" input_set="0" />
                                            </instance_material>
                                        </technique_common>
                                    </bind_material>
                                </instance_geometry>
                            </node>
                            <node id="ID309" name="group_37">
                                <matrix>0.8866593 -0.04028113 0.4606655 154.7679 0.112563 0.9850349 -0.1305214 -11.97624 -0.4485141 0.1675819 0.8779245 -11.30421 0 0 0 1</matrix>
                                <instance_geometry url="#ID310">
                                    <bind_material>
                                        <technique_common>
                                            <instance_material symbol="Material2" target="#ID8">
                                                <bind_vertex_input semantic="UVSET0" input_semantic="TEXCOORD" input_set="0" />
                                            </instance_material>
                                        </technique_common>
                                    </bind_material>
                                </instance_geometry>
                            </node>
                            <node id="ID318" name="group_38">
                                <matrix>0.8910065 4.832301e-30 0.4539905 157.7513 -5.423419e-30 1 0 -0.8471358 -0.4539905 -2.462181e-30 0.8910065 -9.619133 0 0 0 1</matrix>
                                <instance_geometry url="#ID319">
                                    <bind_material>
                                        <technique_common>
                                            <instance_material symbol="Material2" target="#ID8">
                                                <bind_vertex_input semantic="UVSET0" input_semantic="TEXCOORD" input_set="0" />
                                            </instance_material>
                                        </technique_common>
                                    </bind_material>
                                </instance_geometry>
                            </node>
                            <node id="ID327" name="group_39">
                                <matrix>0.5300137 -0.6502336 0.5443176 163.1073 0.431412 0.7593762 0.4870642 37.96787 -0.7300474 -0.02332558 0.6829983 -16.25451 0 0 0 1</matrix>
                                <instance_geometry url="#ID328">
                                    <bind_material>
                                        <technique_common>
                                            <instance_material symbol="Material2" target="#ID8">
                                                <bind_vertex_input semantic="UVSET0" input_semantic="TEXCOORD" input_set="0" />
                                            </instance_material>
                                        </technique_common>
                                    </bind_material>
                                </instance_geometry>
                            </node>
                            <node id="ID336" name="group_40">
                                <matrix>0.9372594 -0.01620094 0.3482561 151.271 0.02534134 0.9994432 -0.0217067 26.76844 -0.3477105 0.02917008 0.9371481 -10.59927 0 0 0 1</matrix>
                                <instance_geometry url="#ID337">
                                    <bind_material>
                                        <technique_common>
                                            <instance_material symbol="Material2" target="#ID8">
                                                <bind_vertex_input semantic="UVSET0" input_semantic="TEXCOORD" input_set="0" />
                                            </instance_material>
                                        </technique_common>
                                    </bind_material>
                                </instance_geometry>
                            </node>
                            <node id="ID345" name="group_41">
                                <matrix>0.9372594 -0.01620094 0.3482561 131.1845 0.02534134 0.9994432 -0.0217067 26.2269 -0.3477105 0.02917008 0.9371481 -3.21877 0 0 0 1</matrix>
                                <instance_geometry url="#ID346">
                                    <bind_material>
                                        <technique_common>
                                            <instance_material symbol="Material2" target="#ID8">
                                                <bind_vertex_input semantic="UVSET0" input_semantic="TEXCOORD" input_set="0" />
                                            </instance_material>
                                        </technique_common>
                                    </bind_material>
                                </instance_geometry>
                            </node>
                            <node id="ID354" name="group_42">
                                <matrix>0.810504 0.0702091 0.58151 156.5244 -0.07246887 0.9971822 -0.0193891 36.04306 -0.5812327 -0.02642643 0.8133082 -14.33805 0 0 0 1</matrix>
                                <instance_geometry url="#ID355">
                                    <bind_material>
                                        <technique_common>
                                            <instance_material symbol="Material2" target="#ID8">
                                                <bind_vertex_input semantic="UVSET0" input_semantic="TEXCOORD" input_set="0" />
                                            </instance_material>
                                        </technique_common>
                                    </bind_material>
                                </instance_geometry>
                            </node>
                            <node id="ID363" name="group_43">
                                <matrix>0.9372594 -0.01620094 0.3482561 158.8888 0.02534134 0.9994432 -0.0217067 16.30674 -0.3477105 0.02917008 0.9371481 -14.68085 0 0 0 1</matrix>
                                <instance_geometry url="#ID364">
                                    <bind_material>
                                        <technique_common>
                                            <instance_material symbol="Material2" target="#ID8">
                                                <bind_vertex_input semantic="UVSET0" input_semantic="TEXCOORD" input_set="0" />
                                            </instance_material>
                                        </technique_common>
                                    </bind_material>
                                </instance_geometry>
                            </node>
                            <node id="ID372" name="group_44">
                                <matrix>0.8910065 4.832301e-30 0.4539905 130.9206 -5.423419e-30 1 0 -3.652116 -0.4539905 -2.462181e-30 0.8910065 0.488094 0 0 0 1</matrix>
                                <instance_geometry url="#ID373">
                                    <bind_material>
                                        <technique_common>
                                            <instance_material symbol="Material2" target="#ID8">
                                                <bind_vertex_input semantic="UVSET0" input_semantic="TEXCOORD" input_set="0" />
                                            </instance_material>
                                        </technique_common>
                                    </bind_material>
                                </instance_geometry>
                            </node>
                            <node id="ID381" name="group_45">
                                <matrix>0.9140806 -0.3546367 0.1966963 143.7489 0.3811667 0.9169239 -0.1181628 -7.622649 -0.1384506 0.1829844 0.9733181 -6.747158 0 0 0 1</matrix>
                                <instance_geometry url="#ID382">
                                    <bind_material>
                                        <technique_common>
                                            <instance_material symbol="Material2" target="#ID8">
                                                <bind_vertex_input semantic="UVSET0" input_semantic="TEXCOORD" input_set="0" />
                                            </instance_material>
                                        </technique_common>
                                    </bind_material>
                                </instance_geometry>
                            </node>
                            <node id="ID390" name="group_46">
